image_width: 640
image_height: 480
camera_name: narrow_stereo
camera_matrix:
  rows: 3
  cols: 3
  data: [683.624903, 0, 306.774164, 0, 912.27675, 254.799842, 0, 0, 1]
distortion_model: plumb_bob
distortion_coefficients:
  rows: 1
  cols: 5
  data: [-0.234028, 0.097831, -0.001282, -0.000156, 0]
rectification_matrix:
  rows: 3
  cols: 3
  data: [1, 0, 0, 0, 1, 0, 0, 0, 1]
projection_matrix:
  rows: 3
  cols: 4
  data: [648.445984, 0, 305.293151, 0, 0, 897.333496, 255.028262, 0, 0, 0, 1, 0]