image_width: 640
image_height: 480
camera_name: narrow_stereo
camera_matrix:
  rows: 3
  cols: 3
  data: [686.09846, 0, 308.671146, 0, 914.952117, 256.080405, 0, 0, 1]
distortion_model: plumb_bob
distortion_coefficients:
  rows: 1
  cols: 5
  data: [-0.221429, 0.036778, -9.6e-05, 0.000256, 0]
rectification_matrix:
  rows: 3
  cols: 3
  data: [1, 0, 0, 0, 1, 0, 0, 0, 1]
projection_matrix:
  rows: 3
  cols: 4
  data: [650.657898, 0, 307.502269, 0, 0, 900.494995, 256.576581, 0, 0, 0, 1, 0]